000000000000000000000000000000;
000000000000000000000000000000;
000000000000000000000000000000;
000000000000000000000000000000;
000000000000000000000000000000;
000000000000000000000000000000;
000000000222222222200000000000;
000000000222212212200000000000;
000000000221812111200000000000;
000000000211227124200000000000;
000000000212221222200000000000;
000000000211211122200000000000;
000000000221852222200000000000;
000000000222222222200000000000;
000000000000000000000000000000;
000000000000000000000000000000;
000000000000000000000000000000;
000000000000000000000000000000;
000000000000000000000000000000;
000000000000000000000000000000;000000000000000000000000000000;000000000000000000000000000000;000000000000000000000000000000;000000000000000000000000000000;000000000000000000000000000000;000000000000000000000000000000;000000000000000000000000000000;000000000000000000000000000000;000000000000000000000000000000;000000000000000000000000000000;