000000000000000000000000000000;
000000000000000000000000000000;
000000000000000000000000000000;
000000000000000000000000000000;
000022222222222222200000000000;
000022222222227112200000000000;
000022222222221211200000000000;
000022222222221221200000000000;
000022221118511121200000000000;
000022221112229921200000000000;
000021851112427722200000000000;
000021222222121222200000000000;
000021181225121222200000000000;
000022221111111222200000000000;
000022222222222222200000000000;
000000000000000000000000000000;
000000000000000000000000000000;
000000000000000000000000000000;
000000000000000000000000000000;
000000000000000000000000000000;000000000000000000000000000000;000000000000000000000000000000;000000000000000000000000000000;000000000000000000000000000000;000000000000000000000000000000;000000000000000000000000000000;000000000000000000000000000000;000000000000000000000000000000;000000000000000000000000000000;000000000000000000000000000000;