000000000000000000000000000000;
000000000000000000000000000000;
000000000000000000000000000000;
000000000000000000000000000000;
000000000000000000000000000000;
000002222222222222000000000000;
000002222222221172000000000000;
000002221111111292000000000000;
000002221222221272000000000000;
000002221212121112000000000000;
000002111211121212000000000000;
000002221212929212000000000000;
000002241212727212000000000000;
000002222212111222000000000000;
000002221112222222000000000000;
000002222222222222000000000000;
000000000000000000000000000000;
000000000000000000000000000000;
000000000000000000000000000000;
000000000000000000000000000000;
000000000000000000000000000000;000000000000000000000000000000;000000000000000000000000000000;000000000000000000000000000000;000000000000000000000000000000;000000000000000000000000000000;000000000000000000000000000000;000000000000000000000000000000;000000000000000000000000000000;000000000000000000000000000000;